-0.022041537 0.063064255 -0.11287403
-0.021528041 0.058970522 -0.115136676
-0.032738023 0.06863232 -0.10695022
-0.03371365 0.06835239 -0.10682806
-0.03397704 0.068171196 -0.10685994
-0.03467612 0.067492776 -0.107062936
-0.03495324 0.06691828 -0.107329346
-0.035165224 0.06540604 -0.10817713
-0.034847885 0.06454377 -0.10878768
-0.03445479 0.06408789 -0.10917649
-0.032857917 0.063680515 -0.10989524
-0.031415027 0.06406939 -0.11008845
-0.030472971 0.06470094 -0.109985195
-0.03004797 0.06511167 -0.109861284
-0.0291996 0.066733465 -0.109124124
-0.029221093 0.06777438 -0.10848359
-0.02991517 0.06866582 -0.10774147
-0.03171584 0.06915294 -0.10692326
-0.03230321 0.069121026 -0.10677011
-0.03263511 0.06888518 -0.10682086
