-0.034057315 0.06675214 -0.10771475
-0.032018904 0.067028746 -0.108161084
-0.03168735 0.06652656 -0.10856254
-0.03167629 0.06622835 -0.108745456
-0.03239342 0.06583465 -0.108772896
-0.03388438 0.06538413 -0.10859268
-0.034431245 0.06560953 -0.10828844
-0.035020865 0.06622151 -0.107733056
-0.03508507 0.066507645 -0.10753845
-0.03425086 0.06696997 -0.10752069
-0.033177648 0.067119315 -0.10776048
-0.030783856 0.067335695 -0.1083266
-0.029427856 0.067601606 -0.10853479
-0.029221985 0.06737891 -0.10872614
-0.029907566 0.066045165 -0.10934793
-0.030920604 0.065719366 -0.10926356
-0.03117763 0.065990314 -0.10903008
-0.03129862 0.06672566 -0.10855324
-0.030868962 0.067176804 -0.1084
-0.029855207 0.06754972 -0.10845149
