-0.028868968 0.0669225 -0.1090967
-0.030212712 0.06755498 -0.10835054
-0.031787656 0.06735436 -0.10802876
-0.033478945 0.06638814 -0.108114734
-0.0347348 0.064863466 -0.10863564
-0.035821274 0.06224151 -0.10979497
-0.036077414 0.060292717 -0.1107813
-0.03581513 0.059295755 -0.11139501
-0.03523054 0.05837893 -0.11205548
-0.033520542 0.057070155 -0.113233685
-0.031171454 0.05641628 -0.11421648
-0.029859379 0.05626343 -0.11463678
-0.027531302 0.056432884 -0.11512952
-0.025987947 0.05692429 -0.115244955
-0.024072688 0.057787266 -0.1152316
-0.023013152 0.058567464 -0.11505604
-0.021828778 0.05997516 -0.114566214
-0.02036379 0.062321756 -0.1135907
-0.019744104 0.064054586 -0.112743124
-0.019593645 0.06560687 -0.111883976
-0.020213362 0.06706331 -0.11091814
-0.021488113 0.06812392 -0.11003996
-0.02197163 0.068281926 -0.109848864
-0.025200149 0.06827132 -0.10916912
-0.027881544 0.067035764 -0.10928135
-0.028527781 0.06635842 -0.10952447
-0.028469095 0.067168795 -0.10905102
-0.027903043 0.06812576 -0.108608745
-0.02619384 0.06987293 -0.10793157
-0.028242886 0.066643216 -0.10942665
