-0.02929479 0.06845097 -0.10804402
-0.030250063 0.068430126 -0.10779713
-0.030939288 0.06819691 -0.10774995
-0.032586887 0.06715028 -0.10791914
-0.03438214 0.065215066 -0.10853862
-0.035498776 0.06311992 -0.1094027
-0.036041796 0.060887944 -0.11047088
-0.035755064 0.059685834 -0.11120817
-0.034802094 0.05882154 -0.11195906
-0.033447888 0.05848859 -0.11253763
-0.031294465 0.058401756 -0.11319233
-0.028237099 0.05866874 -0.11384853
-0.025939582 0.059172936 -0.11413059
-0.023927076 0.059860807 -0.11421057
-0.021216054 0.061593466 -0.113828905
-0.020256348 0.06276889 -0.113366164
-0.019754432 0.06394622 -0.1128021
-0.019928267 0.06547623 -0.111901194
-0.020706775 0.06661224 -0.111096516
-0.021864412 0.06758714 -0.11029324
-0.023567192 0.06848315 -0.10939788
-0.026710484 0.06923697 -0.10821058
-0.029311463 0.06946205 -0.107401215
-0.030577768 0.069302455 -0.10715443
-0.031329554 0.068677835 -0.1073367
