-0.024538407 0.06907748 -0.10881689
-0.025167385 0.06940308 -0.108470194
-0.027304316 0.069700524 -0.107769944
-0.02901652 0.06945033 -0.10748762
-0.030720083 0.068805106 -0.10743001
-0.03338317 0.066943936 -0.10780545
-0.034885056 0.06534566 -0.108302556
-0.03561662 0.06346489 -0.109167695
-0.03573602 0.062043276 -0.109933056
-0.03533938 0.061196625 -0.11052651
-0.034840804 0.06056508 -0.11102516
-0.030872988 0.058279064 -0.11336905
-0.029027537 0.057905797 -0.11403796
-0.026705166 0.05807495 -0.11451291
-0.024588516 0.05849419 -0.11477033
-0.022279851 0.059371077 -0.114791214
-0.020733714 0.06045423 -0.114518374
-0.020005079 0.061961796 -0.113848045
-0.019707905 0.06443254 -0.112536415
-0.020252075 0.06607884 -0.11149317
-0.022052864 0.068124495 -0.10992924
-0.023503223 0.068983346 -0.10910093
-0.02538734 0.069574 -0.1083115
