-0.033491686 0.06862268 -0.106726006
-0.03487235 0.06474313 -0.10866299
-0.035687987 0.06304175 -0.10938643
-0.035919763 0.06127774 -0.1102972
-0.035755757 0.056853943 -0.11266412
-0.0353041 0.05617045 -0.113142595
-0.029189987 0.05598042 -0.114943795
-0.028212624 0.05723993 -0.11457119
-0.027182762 0.059507042 -0.11367201
-0.026296824 0.064171694 -0.11134705
-0.026045727 0.064669974 -0.11112041
-0.025545686 0.06931473 -0.108438686
-0.02571018 0.06944284 -0.1083194
-0.02818878 0.069019794 -0.10797728
-0.029988017 0.068946205 -0.10754472
-0.032184206 0.06913726 -0.10679519
-0.03319555 0.068664335 -0.1067907
