-0.033900287 0.06731221 -0.10741945
-0.035181478 0.0629042 -0.10962625
-0.035920966 0.056549545 -0.11276351
-0.033834364 0.05611741 -0.1136114
-0.031357527 0.055932086 -0.11440138
-0.023873517 0.056457106 -0.11592256
-0.02371802 0.056705453 -0.115834214
-0.023280337 0.061092917 -0.11369666
-0.021469465 0.06603172 -0.1112956
-0.020991743 0.06970365 -0.109154515
-0.027049817 0.069392525 -0.108028986
-0.029967789 0.06942795 -0.10724422
-0.03446716 0.06862523 -0.10641777
-0.034711182 0.06854202 -0.10639245
-0.034689043 0.06835502 -0.10651809
-0.03415808 0.067808725 -0.10703029
-0.034339994 0.06646634 -0.107800506
