-0.03579637 0.06203495 -0.109918304
-0.0357147 0.06288241 -0.10946831
-0.035176516 0.06398832 -0.10900687
-0.0338321 0.065692335 -0.108425125
-0.032638125 0.066848025 -0.10808883
-0.031290498 0.06785955 -0.10785994
-0.029664788 0.068745255 -0.10775979
-0.02619384 0.06987293 -0.10793157
-0.024404675 0.07006215 -0.10822386
-0.02295118 0.06991548 -0.1086304
-0.021639347 0.0694999 -0.10915791
-0.02053054 0.06880508 -0.10980182
-0.019875664 0.06785439 -0.11050257
-0.019532677 0.066859804 -0.11115963
-0.019718254 0.06432476 -0.11259552
