-0.03475694 0.06829739 -0.10653271
-0.03076935 0.06850945 -0.1076023
-0.027811715 0.0683327 -0.10850354
-0.02229043 0.06875117 -0.109496035
-0.021647431 0.06890784 -0.10952615
-0.019563157 0.070165 -0.10912471
-0.034254357 0.06822722 -0.10673732
-0.034280065 0.0674528 -0.10721343
-0.033980027 0.06686115 -0.10767213
-0.03361623 0.06627016 -0.10814411
-0.032850843 0.06557333 -0.10879328
-0.031200886 0.06507421 -0.109565586
-0.029893637 0.06492436 -0.110012166
-0.02853544 0.065028906 -0.11030687
-0.025259042 0.06594276 -0.11055971
-0.023283033 0.066747695 -0.11051108
-0.021355314 0.06818555 -0.11002778
-0.019246737 0.07019034 -0.10916414
-0.019082919 0.07054365 -0.10896762
-0.034802657 0.06805183 -0.10667282
-0.030795677 0.06762938 -0.108142644
-0.02625158 0.06776393 -0.10923655
-0.023102118 0.068228744 -0.10965238
-0.019173076 0.069706514 -0.10948243