-0.023011517 0.063564151 -0.11307403
-0.021608041 0.059070522 -0.115536616
-0.033038023 0.06903232 -0.10705022
-0.03401365 0.06835239 -0.10682806
-0.03397704 0.068171196 -0.10685994
-0.03467612 0.067492776 -0.107062936
-0.03495324 0.06691828 -0.107329346
-0.035165224 0.06540604 -0.10817713
-0.034847885 0.06454377 -0.10878768
-0.03445479 0.06408789 -0.10917649
-0.032857917 0.063700515 -0.10990514
-0.031505017 0.06410919 -0.11011805
-0.030502971 0.06500094 -0.109999195
-0.03014797 0.06520167 -0.109901284
-0.02990096 0.066803465 -0.109204124
-0.029301093 0.06779438 -0.10908359
-0.02999507 0.06870582 -0.10780147
-0.03201584 0.06995294 -0.10712326
-0.03290321 0.069191016 -0.10680014
-0.03303501 0.06890518 -0.10690081
