-0.028934818 0.0670225 -0.1099987
-0.030521002 0.067589011 -0.10852114
-0.031807616 0.06741136 -0.10841006
-0.033501945 0.06638814 -0.108115134
-0.0349118 0.064900466 -0.10873164
-0.035801274 0.06230151 -0.10982491
-0.036097414 0.060292717 -0.1108103
-0.03590113 0.059295755 -0.11139501
-0.03521154 0.05840893 -0.11315548
-0.033411242 0.057170256 -0.114011015
-0.031301051 0.05651088 -0.11501608
-0.029859379 0.05626343 -0.11463678
-0.027531302 0.056432884 -0.11512952
-0.025987947 0.05692429 -0.115244955
-0.024072688 0.057787266 -0.1152316
-0.023013152 0.058567464 -0.11505604
-0.021828778 0.05997516 -0.114566214
-0.02036379 0.062321756 -0.1135907
-0.019744104 0.064054586 -0.112743124
-0.019593645 0.06560687 -0.111883976
-0.020213362 0.06706331 -0.11091814
-0.021488113 0.06812392 -0.11003996
-0.02197163 0.068201926 -0.109841064
-0.025300149 0.06826031 -0.10931612
-0.027890504 0.067115764 -0.10928135
-0.028550101 0.06636142 -0.10911434
-0.028509095 0.067178095 -0.10931102
-0.027913043 0.06821476 -0.108610145
-0.02641384 0.06991093 -0.10793157
-0.028400816 0.066703116 -0.10951665
