-0.024631237 0.06997112 -0.1082109
-0.025517385 0.06980308 -0.108651194
-0.027501316 0.069770124 -0.107769944
-0.0299102 0.06965131 -0.10748762
-0.030820083 0.068905106 -0.10793001
-0.03398317 0.0670431006 -0.10790545
-0.03500016 0.06539566 -0.108351556
-0.03562612 0.06350419 -0.109167695
-0.03603102 0.062543116 -0.109973116
-0.03535908 0.061226105 -0.11090611
-0.034890114 0.06060508 -0.11141016
-0.031072988 0.058679064 -0.11336905
-0.029027537 0.058005797 -0.11453796
-0.026905166 0.05817495 -0.11471291
-0.025088516 0.05899419 -0.11507033
-0.022679851 0.059771017 -0.114791214
-0.020933114 0.06095413 -0.114558174
-0.020115019 0.061991016 -0.114048141
-0.019747101 0.06452254 -0.113636415
-0.020272075 0.06617884 -0.11119317
-0.022012864 0.069024495 -0.10992924
-0.023603223 0.069083346 -0.10950193
-0.02538734 0.069804 -0.1093105
