-0.02930419 0.06855117 -0.10804513
-0.030351163 0.068991001 -0.10790713
-0.030999108 0.06892601 -0.10775915
-0.032606187 0.06717019 -0.10801024
-0.03440204 0.065255116 -0.10865862
-0.035588776 0.06320992 -0.1097017
-0.03650071 0.060907914 -0.11067118
-0.035910061 0.059981014 -0.11170117
-0.035002001 0.05892114 -0.11199901
-0.033457008 0.05850819 -0.11273003
-0.031304411 0.058511756 -0.11359013
-0.028277209 0.05867804 -0.11398853
-0.025909582 0.059202936 -0.11503059
-0.023937011 0.059961807 -0.11501057
-0.021506054 0.061603466 -0.114028905
-0.020296348 0.06296889 -0.113510164
-0.019774431 0.06387622 -0.1128021
-0.019928267 0.06551623 -0.112101194
-0.020751775 0.06611024 -0.11116516
-0.021864412 0.06758714 -0.11029324
-0.023567192 0.06848315 -0.10939788
-0.026740484 0.06930697 -0.10850058
-0.029371061 0.06950215 -0.107601515
-0.030607718 0.069502015 -0.10775413
-0.031369154 0.068707815 -0.1075361
