-0.033491686 0.06862268 -0.106726006
-0.03487235 0.06474313 -0.10866299
-0.035687987 0.06354175 -0.10940643
-0.035999763 0.06130774 -0.1101972
-0.035715757 0.056893943 -0.11306412
-0.0358041 0.05619045 -0.113202595
-0.029209987 0.05618042 -0.115043795
-0.028252624 0.05730993 -0.11497119
-0.027202762 0.059557042 -0.11397201
-0.026306824 0.064201694 -0.11204705
-0.026105727 0.064699974 -0.11192041
-0.025655686 0.06939473 -0.108508686
-0.02591118 0.06950214 -0.1089114
-0.02820878 0.069109794 -0.10807728
-0.029998017 0.069046205 -0.10794472
-0.032204206 0.06920726 -0.10680519
-0.03320555 0.068174335 -0.1070917
