-0.021778297 0.06723939 -0.11051967
-0.021898372 0.067836635 -0.11013528
-0.022522308 0.06838211 -0.10967715
-0.025696183 0.0695412 -0.10826042
-0.028150715 0.06965001 -0.10758723
-0.02918253 0.069525704 -0.10739522
-0.030197198 0.06911196 -0.10738195
-0.03319395 0.06736162 -0.1076063
-0.034625717 0.06583166 -0.1080941
-0.03542253 0.06425991 -0.10877037
-0.035859235 0.06128601 -0.1103121
-0.034860104 0.058425926 -0.11214569
-0.03406054 0.057176348 -0.11302133
-0.033291794 0.056468032 -0.113598116
-0.032340407 0.05611488 -0.11404185
-0.031421475 0.055925224 -0.114387356
-0.02990119 0.05590907 -0.114797294
-0.02832609 0.05624039 -0.11503199
-0.027127543 0.05716978 -0.11486452
-0.025620515 0.05914536 -0.114215925
-0.023185585 0.06488968 -0.11161852
-0.022424879 0.06600162 -0.11112706
-0.02190833 0.068287544 -0.1098579
