-0.03600137 0.06253115 -0.109928101
-0.0360147 0.06289241 -0.10996831
-0.035676516 0.06399832 -0.10990687
-0.0345321 0.066512335 -0.109521105
-0.032668021 0.066908025 -0.10858113
-0.031340498 0.06815955 -0.10805994
-0.029654788 0.069045255 -0.10780979
-0.02620384 0.06997193 -0.10803157
-0.024454175 0.07011215 -0.10830386
-0.02305118 0.06991548 -0.1090304
-0.021640317 0.0699919 -0.10920791
-0.02060054 0.06890508 -0.10985182
-0.019905664 0.06790419 -0.11091257
-0.019602677 0.066899804 -0.11155163
-0.019698254 0.06502476 -0.11260552
