-0.029825978 0.05810813 -0.11373219
-0.03332553 0.05977718 -0.11190282
-0.03430574 0.060526278 -0.11121044
-0.035131272 0.061756153 -0.11028449
-0.035415266 0.06255924 -0.10974672
-0.035545073 0.063885495 -0.108948395
-0.035081964 0.06521753 -0.10831599
-0.03405961 0.066406935 -0.10792429
-0.032646894 0.067484945 -0.1076951
-0.030873429 0.06859266 -0.10752059
-0.02907713 0.06944294 -0.10747618
-0.026508054 0.06979025 -0.107908666
-0.025201824 0.06959351 -0.108341865
-0.022794237 0.06870489 -0.109422304
-0.020995617 0.067458645 -0.11053729
-0.020235857 0.066236086 -0.11140389
-0.019905588 0.06505591 -0.11214707
-0.019805973 0.06340186 -0.1130964
-0.019964106 0.06240646 -0.113614865
-0.020620747 0.06096903 -0.11426848
-0.021519806 0.059771772 -0.11472897
-0.02279801 0.058757257 -0.11500269
-0.024988996 0.057767674 -0.1150483
-0.026206618 0.05731231 -0.1150056
-0.029022835 0.056870624 -0.11455294
-0.030032307 0.05694111 -0.11426073
-0.03121587 0.057560228 -0.11363888
-0.031784922 0.05845908 -0.113027915
-0.03193717 0.059168745 -0.11261992