-0.034231383 0.0680388 -0.10686309
-0.034563247 0.06618785 -0.107899085
-0.034739934 0.061596107 -0.110495046
-0.035184916 0.05658466 -0.1129752
-0.034814905 0.055713005 -0.11351529
-0.034109045 0.05544967 -0.11385401
-0.030745117 0.05628778 -0.11439325
-0.024599183 0.057102587 -0.115458935
-0.02319141 0.05739277 -0.11560468
-0.0229036 0.05764896 -0.11553534
-0.02256649 0.0584298 -0.11521262
-0.022147039 0.060739323 -0.114106946
-0.02147547 0.06877415 -0.10964244
-0.021780172 0.06987818 -0.10889166
-0.02236401 0.07016445 -0.108592845
-0.02303795 0.07019738 -0.10843274
-0.02667426 0.06948286 -0.108063824
-0.0348118 0.0680026 -0.106700845