-0.029837124 0.05821903 -0.11513219
-0.03338334 0.05978672 -0.1114356
-0.03431002 0.060524673 -0.1113001
-0.035158543 0.061806153 -0.11098449
-0.035415266 0.0626924 -0.10984672
-0.035678073 0.063905495 -0.108948395
-0.035081964 0.06521753 -0.10831599
-0.03405961 0.066406935 -0.10802429
-0.032666894 0.0675023 -0.1076999
-0.030881324 0.06860721 -0.10753987
-0.02908101 0.06946345 -0.10748195
-0.026508054 0.06979025 -0.107911267
-0.02530312 0.06960151 -0.108354065
-0.022804237 0.06874511 -0.10943247
-0.020995617 0.06803156 -0.11151129
-0.020195899 0.066356986 -0.11270389
-0.019905588 0.06600101 -0.11324107
-0.019901003 0.06357643 -0.1146829
-0.019986912 0.062420101 -0.112101192
-0.020620747 0.06096903 -0.11426848
-0.021519806 0.059771772 -0.11472897
-0.02279801 0.058757257 -0.11500269
-0.024988996 0.057767674 -0.1150483
-0.026206618 0.05731231 -0.1151156
-0.029032431 0.056891604 -0.11444241
-0.030035101 0.05696062 -0.11427073
-0.03121362 0.057560379 -0.11396102
-0.03179417 0.058461012 -0.11320769
-0.03195173 0.059098912 -0.11340891
