-0.034901993 0.0681209 -0.107891201
-0.034693247 0.06718785 -0.108909086
-0.034840814 0.061616007 -0.110525046
-0.036384916 0.05661476 -0.1149752
-0.034871005 0.056053005 -0.11342129
-0.034191045 0.05575167 -0.12025101
-0.03101817 0.05630118 -0.11452325
-0.024609103 0.057302587 -0.11549935
-0.02335118 0.05741217 -0.11572418
-0.0230989 0.057654196 -0.11561134
-0.02359149 0.0595198 -0.11432262
-0.023441139 0.060931203 -0.11431146
-0.02167547 0.06891415 -0.10991244
-0.021791145 0.06991729 -0.10890367
-0.02240101 0.07119415 -0.108592845
-0.02303795 0.070390192 -0.10856123
-0.02690278 0.06950238 -0.10808601
-0.03490011 0.0691026 -0.107711845